(-11.7, -0.5)
(-11.8, -0.5)
(-11.9, -0.5)
(-12.0, -0.5)
(-12.1, -0.5)
(-12.2, -0.5)
(-12.3, -0.5)
(-12.4, -0.5)
(-12.5, -0.5)
(-12.6, -0.5)
(-12.7, -0.5)
(-12.8, -0.5)
(-12.9, -0.5)
(-13.0, -0.5)
(-13.1, -0.5)
(-13.2, -0.5)
(-13.3, -0.5)
(-13.4, -0.5)
(-13.5, -0.5)
(-13.6, -0.5)
(-13.7, -0.5)
(-13.8, -0.5)
(-13.9, -0.5)
(-14.0, -0.5)
(-14.1, -0.5)
(-14.2, -0.5)
(-14.3, -0.5)
(-14.4, -0.5)
(-14.5, -0.5)
(-14.6, -0.5)
(-14.7, -0.5)
(-14.8, -0.5)
(-14.9, -0.5)
(-15.0, -0.5)
(-15.1, -0.5)
(-15.2, -0.5)
(-15.3, -0.5)
(-15.4, -0.5)
(-15.5, -0.5)
(-15.6, -0.5)
(-15.7, -0.5)
(-15.8, -0.5)
(-15.9, -0.5)
(-16.0, -0.5)
(-16.1, -0.5)
(-16.2, -0.5)
(-16.3, -0.5)
(-16.4, -0.5)
(-16.5, -0.5)
(-16.6, -0.5)
(-16.7, -0.5)
(-16.8, -0.5)
(-16.9, -0.5)
(-17.0, -0.5)
(-17.1, -0.5)
(-17.2, -0.5)
(-17.3, -0.5)
(-17.4, -0.5)
(-17.5, -0.5)
(-17.6, -0.5)
(-17.7, -0.5)
(-17.8, -0.5)
(-17.9, -0.5)
(-18.0, -0.5)
(-18.1, -0.5)
(-18.2, -0.5)
(-18.3, -0.5)
(-18.4, -0.5)
(-18.5, -0.5)
(-18.6, -0.5)
(-18.7, -0.5)
(-18.8, -0.5)
(-18.9, -0.5)
(-19.0, -0.5)
(-19.1, -0.5)
(-19.2, -0.5)
(-19.3, -0.5)
(-19.4, -0.5)
(-19.5, -0.5)
(-19.6, -0.5)
(-19.7, -0.5)
(-19.8, -0.5)
(-19.9, -0.5)
(-20.0, -0.5)
(-20.1, -0.5)
(-20.2, -0.5)
(-20.3, -0.5)
(-20.4, -0.5)
(-20.5, -0.5)
(-20.6, -0.5)
(-20.7, -0.5)
(-20.8, -0.5)
(-20.9, -0.5)
(-21.0, -0.5)
(-21.1, -0.5)
(-21.2, -0.5)
(-21.3, -0.5)
(-21.4, -0.5)
(-21.5, -0.5)
(-21.6, -0.5)
(-21.7, -0.5)
(-21.8, -0.5)
(-21.9, -0.5)
(-22.0, -0.5)
(-22.1, -0.5)
(-22.2, -0.5)
(-22.3, -0.5)
(-22.4, -0.5)
(-22.5, -0.5)
(-22.6, -0.5)
(-22.7, -0.5)
(-22.8, -0.5)
(-22.9, -0.5)
(-23.0, -0.5)
(-23.1, -0.5)
(-23.2, -0.5)
(-23.3, -0.5)
(-23.4, -0.5)
(-23.5, -0.5)
(-23.6, -0.5)
(-23.7, -0.5)
(-23.8, -0.5)
(-23.9, -0.5)
(-24.0, -0.5)
(-24.1, -0.5)
(-24.2, -0.5)
(-24.3, -0.5)
(-24.4, -0.5)
(-24.5, -0.5)
(-24.6, -0.5)
(-24.7, -0.5)
(-24.8, -0.5)
(-24.9, -0.5)
(-25.0, -0.5)
(-25.1, -0.5)
(-25.2, -0.5)
(-25.3, -0.5)
(-25.4, -0.5)
(-25.5, -0.5)
(-25.6, -0.5)
(-25.7, -0.5)
(-25.8, -0.5)
(-25.9, -0.5)
(-26.0, -0.5)
(-26.1, -0.5)
(-26.2, -0.5)
(-26.3, -0.5)
(-26.4, -0.5)
(-26.5, -0.5)
(-26.6, -0.5)
(-26.7, -0.5)
(-26.8, -0.5)
(-26.9, -0.5)
(-27.0, -0.5)
(-27.1, -0.5)
(-27.2, -0.5)
(-27.3, -0.5)
(-27.4, -0.5)
(-27.5, -0.5)
(-27.6, -0.5)
(-27.7, -0.5)
(-27.8, -0.5)
(-27.9, -0.5)
(-28.0, -0.5)
(-28.1, -0.5)
(-28.2, -0.5)
(-28.3, -0.5)
(-28.4, -0.5)
(-28.5, -0.5)
(-28.6, -0.5)
(-28.7, -0.5)
(-28.8, -0.5)
(-28.9, -0.5)
(-29.0, -0.5)
(-29.1, -0.5)
(-29.2, -0.5)
(-29.3, -0.5)
(-29.4, -0.5)
(-29.5, -0.5)
(-29.6, -0.5)
(-29.7, -0.5)
(-29.8, -0.5)
(-29.9, -0.5)
(-30.0, -0.5)
(-30.1, -0.5)
(-30.2, -0.5)
(-30.3, -0.5)
(-30.4, -0.5)
(-30.5, -0.5)
(-30.6, -0.5)
(-30.7, -0.5)
(-30.8, -0.5)
(-30.9, -0.5)
(-31.0, -0.5)
(-31.1, -0.5)
(-31.2, -0.5)
(-31.3, -0.5)
(-31.4, -0.5)
(-31.5, -0.5)
(-31.6, -0.5)
(-31.7, -0.5)
(-31.8, -0.5)
(-31.9, -0.5)
(-32.0, -0.5)
(-32.1, -0.5)
(-32.2, -0.5)
(-32.3, -0.5)
(-32.4, -0.5)
(-32.5, -0.5)
(-32.6, -0.5)
(-32.7, -0.5)
(-32.8, -0.5)
(-32.9, -0.5)
(-33.0, -0.5)
(-33.1, -0.5)
(-33.2, -0.5)
(-33.3, -0.5)
(-33.4, -0.5)
(-33.5, -0.5)
(-33.6, -0.5)
(-33.7, -0.5)
(-33.8, -0.5)
(-33.9, -0.5)
(-34.0, -0.5)
(-34.1, -0.5)
(-34.2, -0.5)
(-34.3, -0.5)
(-34.4, -0.5)
(-34.5, -0.5)
(-34.6, -0.5)
(-34.7, -0.5)
(-34.8, -0.5)
(-34.9, -0.5)
(-35.0, -0.5)
(-35.1, -0.5)
(-35.2, -0.5)
(-35.3, -0.5)
(-35.4, -0.5)
(-35.5, -0.5)
(-35.6, -0.5)
(-35.7, -0.5)
(-35.8, -0.5)
(-35.9, -0.5)
(-36.0, -0.5)
(-36.1, -0.5)
(-36.2, -0.5)
(-36.3, -0.5)
(-36.4, -0.5)
(-36.5, -0.5)
(-36.6, -0.5)
(-36.7, -0.5)
(-36.8, -0.5)
(-36.9, -0.5)
(-37.0, -0.5)
(-37.1, -0.5)
(-37.2, -0.5)
(-37.3, -0.5)
(-37.4, -0.5)
(-37.5, -0.5)
(-37.6, -0.5)
(-37.7, -0.5)
(-37.8, -0.5)
(-37.9, -0.5)
(-38.0, -0.5)
(-38.1, -0.5)
(-38.2, -0.5)
(-38.3, -0.5)
(-38.4, -0.5)
(-38.5, -0.5)
(-38.6, -0.5)
(-38.7, -0.5)
(-38.8, -0.5)
(-38.9, -0.5)
(-39.0, -0.5)
(-39.1, -0.5)
(-39.2, -0.5)
(-39.3, -0.5)
(-39.4, -0.5)
(-39.5, -0.5)
(-39.6, -0.5)
(-39.7, -0.5)
(-39.8, -0.5)
(-39.9, -0.5)
(-40.0, -0.5)
(-40.1, -0.5)
(-40.2, -0.5)
(-40.3, -0.5)
(-40.4, -0.5)
(-40.5, -0.5)
(-40.6, -0.5)
(-40.7, -0.5)
(-40.8, -0.5)
(-40.9, -0.5)
(-41.0, -0.5)
(-41.1, -0.5)
(-41.2, -0.5)
(-41.3, -0.5)
(-41.4, -0.5)
(-41.5, -0.5)
(-41.6, -0.5)
(-41.7, -0.5)
(-41.8, -0.5)
(-41.9, -0.5)
(-42.0, -0.5)
(-42.1, -0.5)
(-42.2, -0.5)
(-42.3, -0.5)
(-42.4, -0.5)
(-42.5, -0.5)
(-42.6, -0.5)
(-42.7, -0.5)
(-42.8, -0.5)
(-42.9, -0.5)
(-43.0, -0.5)
(-43.1, -0.5)
(-43.2, -0.5)
(-43.3, -0.5)
(-43.4, -0.5)
(-43.5, -0.5)
(-43.6, -0.5)
(-43.7, -0.5)
(-43.8, -0.5)
(-43.9, -0.5)
(-44.0, -0.5)
(-44.1, -0.5)
(-44.2, -0.5)
(-44.3, -0.5)
(-44.4, -0.5)
(-44.5, -0.5)
(-44.6, -0.5)
(-44.7, -0.5)
(-44.8, -0.5)
(-44.9, -0.5)
(-45.0, -0.5)
(-45.1, -0.5)
(-45.2, -0.5)
(-45.3, -0.5)
(-45.4, -0.5)
(-45.5, -0.5)
(-45.6, -0.5)
(-45.7, -0.5)
(-45.8, -0.5)
(-45.9, -0.5)
(-46.0, -0.5)
(-46.1, -0.5)
(-46.2, -0.5)
(-46.3, -0.5)
(-46.4, -0.5)
(-46.5, -0.5)
(-46.6, -0.5)
(-46.7, -0.5)
(-46.8, -0.5)
(-46.9, -0.5)
(-47.0, -0.5)
(-47.1, -0.5)
(-47.2, -0.5)
(-47.3, -0.5)
(-47.4, -0.5)
(-47.5, -0.5)
(-47.6, -0.5)
(-47.7, -0.5)
(-47.8, -0.5)
(-47.9, -0.5)
(-48.0, -0.5)
(-48.1, -0.5)
(-48.2, -0.5)
(-48.3, -0.5)
(-48.4, -0.5)
(-48.5, -0.5)
(-48.6, -0.5)
(-48.7, -0.5)
(-48.8, -0.5)
(-48.9, -0.5)
(-49.0, -0.5)
(-49.1, -0.5)
(-49.2, -0.5)
(-49.3, -0.5)
(-49.4, -0.5)
(-49.5, -0.5)
(-49.6, -0.5)
(-49.7, -0.5)
(-49.8, -0.5)
(-49.9, -0.5)
(-50.0, -0.5)
(-50.1, -0.5)
(-50.2, -0.5)
(-50.3, -0.5)
(-50.4, -0.5)
(-50.5, -0.5)
(-50.6, -0.5)
(-50.7, -0.5)
(-50.8, -0.5)
(-50.9, -0.5)
(-51.0, -0.5)
(-51.1, -0.5)
(-51.2, -0.5)
(-51.3, -0.5)
(-51.4, -0.5)
(-51.5, -0.5)
(-51.6, -0.5)
(-51.7, -0.5)
(-51.8, -0.5)
(-51.9, -0.5)
(-52.0, -0.4)
(-52.1, -0.4)
(-52.2, -0.4)
(-52.3, -0.3)
(-52.4, -0.3)
(-52.5, -0.3)
(-52.6, -0.2)
(-52.7, -0.2)
(-52.8, -0.2)
(-52.9, -0.1)
(-53.0, -0.1)
(-53.1, 0.0)
(-53.2, 0.0)
(-53.3, 0.1)
(-53.4, 0.1)
(-53.5, 0.2)
(-53.6, 0.2)
(-53.7, 0.3)
(-53.8, 0.3)
(-53.9, 0.4)
(-54.0, 0.4)
(-54.1, 0.5)
(-54.2, 0.5)
(-54.3, 0.6)
(-54.3, 0.6)
(-54.3, 0.7)
(-54.3, 0.8)
(-54.3, 0.9)
(-54.3, 1.0)
(-54.3, 1.1)
(-54.3, 1.2)
(-54.3, 1.3)
(-54.3, 1.4)
(-54.3, 1.5)
(-54.3, 1.6)
(-54.3, 1.7)
(-54.3, 1.8)
(-54.3, 1.9)
(-54.3, 2.0)
(-54.3, 2.1)
(-54.3, 2.2)
(-54.3, 2.3)
(-54.3, 2.4)
(-54.3, 2.5)
(-54.3, 2.6)
(-54.3, 2.7)
(-54.3, 2.8)
(-54.3, 2.9)
(-54.3, 3.0)
(-54.3, 3.1)
(-54.3, 3.2)
(-54.3, 3.3)
(-54.3, 3.4)
(-54.3, 3.5)
(-54.3, 3.6)
(-54.3, 3.7)
(-54.3, 3.8)
(-54.3, 3.9)
(-54.3, 4.0)
(-54.3, 4.1)
(-54.3, 4.2)
(-54.3, 4.3)
(-54.3, 4.4)
(-54.3, 4.5)
(-54.3, 4.6)
(-54.3, 4.7)
(-54.3, 4.8)
(-54.3, 4.9)
(-54.3, 5.0)
(-54.3, 5.1)
(-54.3, 5.2)
(-54.3, 5.3)
(-54.3, 5.4)
(-54.3, 5.5)
(-54.3, 5.6)
(-54.3, 5.7)
(-54.3, 5.8)
(-54.3, 5.9)
(-54.3, 6.0)
(-54.3, 6.1)
(-54.3, 6.2)
(-54.3, 6.3)
(-54.3, 6.4)
(-54.3, 6.5)
(-54.3, 6.6)
(-54.3, 6.7)
(-54.3, 6.8)
(-54.3, 6.9)
(-54.3, 7.0)
(-54.3, 7.1)
(-54.3, 7.2)
(-54.3, 7.3)
(-54.3, 7.4)
(-54.3, 7.5)
(-54.3, 7.6)
(-54.3, 7.7)
(-54.3, 7.8)
(-54.3, 7.9)
(-54.3, 8.0)
(-54.4, 8.1)
(-54.4, 8.2)
(-54.4, 8.3)
(-54.4, 8.4)
(-54.5, 8.5)
(-54.5, 8.6)
(-54.5, 8.7)
(-54.5, 8.8)
(-54.5, 8.9)
(-54.5, 9.0)
(-54.5, 9.1)
(-54.5, 9.2)
(-54.5, 9.3)
(-54.5, 9.4)
(-54.5, 9.5)
(-54.5, 9.6)
(-54.5, 9.7)
(-54.5, 9.8)
(-54.5, 9.9)
(-54.5, 10.0)
(-54.5, 10.1)
(-54.5, 10.2)
(-54.5, 10.3)
(-54.5, 10.4)
(-54.5, 10.5)
(-54.5, 10.6)
(-54.5, 10.7)
(-54.5, 10.8)
(-54.5, 10.9)
(-54.5, 11.0)
(-54.5, 11.1)
(-54.5, 11.2)
(-54.5, 11.3)
(-54.5, 11.4)
(-54.5, 11.5)
(-54.5, 11.6)
(-54.5, 11.7)
(-54.5, 11.8)
(-54.5, 11.9)
(-54.5, 12.0)
(-54.5, 12.1)
(-54.5, 12.2)
(-54.5, 12.3)
(-54.5, 12.4)
(-54.5, 12.5)
(-54.5, 12.6)
(-54.5, 12.7)
(-54.5, 12.8)
(-54.5, 12.9)
(-54.5, 13.0)
(-54.5, 13.1)
(-54.5, 13.2)
(-54.5, 13.3)
(-54.5, 13.4)
(-54.5, 13.5)
(-54.5, 13.6)
(-54.5, 13.7)
(-54.5, 13.8)
(-54.5, 13.9)
(-54.5, 14.0)
(-54.5, 14.1)
(-54.5, 14.2)
(-54.5, 14.3)
(-54.5, 14.4)
(-54.5, 14.5)
(-54.5, 14.6)
(-54.5, 14.7)
(-54.5, 14.8)
(-54.5, 14.9)
(-54.5, 15.0)
(-54.5, 15.1)
(-54.5, 15.2)
(-54.5, 15.3)
(-54.5, 15.4)
(-54.5, 15.5)
(-54.5, 15.6)
(-54.5, 15.7)
(-54.5, 15.8)
(-54.5, 15.9)
(-54.5, 16.0)
(-54.5, 16.1)
(-54.5, 16.2)
(-54.5, 16.3)
(-54.5, 16.4)
(-54.5, 16.5)
(-54.5, 16.6)
(-54.5, 16.7)
(-54.5, 16.8)
(-54.5, 16.9)
(-54.5, 17.0)
(-54.5, 17.1)
(-54.5, 17.2)
(-54.5, 17.3)
(-54.5, 17.4)
(-54.5, 17.5)
(-54.5, 17.6)
(-54.5, 17.7)
(-54.5, 17.8)
(-54.5, 17.9)
(-54.5, 18.0)
(-54.5, 18.1)
(-54.5, 18.2)
(-54.5, 18.3)
(-54.5, 18.4)
(-54.5, 18.5)
(-54.5, 18.6)
(-54.5, 18.7)
(-54.5, 18.8)
(-54.5, 18.9)
(-54.5, 19.0)
(-54.5, 19.1)
(-54.5, 19.2)
(-54.5, 19.3)
(-54.5, 19.4)
(-54.5, 19.5)
(-54.5, 19.6)
(-54.5, 19.7)
(-54.5, 19.8)
(-54.5, 19.9)
(-54.5, 20.0)
(-54.5, 20.1)
(-54.5, 20.2)
(-54.5, 20.3)
(-54.5, 20.4)
(-54.5, 20.5)
(-54.5, 20.6)
(-54.5, 20.7)
(-54.5, 20.8)
(-54.5, 20.9)
(-54.5, 21.0)
(-54.5, 21.1)
(-54.5, 21.2)
(-54.5, 21.3)
(-54.5, 21.4)
(-54.5, 21.5)
(-54.5, 21.6)
(-54.5, 21.7)
(-54.5, 21.8)
(-54.5, 21.9)
(-54.5, 22.0)
(-54.5, 22.1)
(-54.5, 22.2)
(-54.5, 22.3)
(-54.5, 22.4)
(-54.5, 22.5)
(-54.5, 22.6)
(-54.5, 22.7)
(-54.5, 22.8)
(-54.5, 22.9)
(-54.5, 23.0)
(-54.5, 23.1)
(-54.5, 23.2)
(-54.5, 23.3)
(-54.5, 23.4)
(-54.5, 23.5)
(-54.5, 23.6)
(-54.5, 23.7)
(-54.5, 23.8)
(-54.5, 23.9)
(-54.5, 24.0)
(-54.5, 24.1)
(-54.5, 24.2)
(-54.5, 24.3)
(-54.5, 24.4)
(-54.5, 24.5)
(-54.5, 24.6)
(-54.5, 24.7)
(-54.5, 24.8)
(-54.5, 24.9)
(-54.5, 25.0)
(-54.5, 25.1)
(-54.5, 25.2)
(-54.5, 25.3)
(-54.5, 25.4)
(-54.5, 25.5)
(-54.5, 25.6)
(-54.5, 25.7)
(-54.5, 25.8)
(-54.5, 25.9)
(-54.5, 26.0)
(-54.5, 26.1)
(-54.5, 26.2)
(-54.5, 26.3)
(-54.5, 26.4)
(-54.5, 26.5)
(-54.5, 26.6)
(-54.5, 26.7)
(-54.5, 26.8)
(-54.5, 26.9)
(-54.5, 27.0)
(-54.5, 27.1)
(-54.5, 27.2)
(-54.5, 27.3)
(-54.5, 27.4)
(-54.5, 27.5)
(-54.5, 27.6)
(-54.5, 27.7)
(-54.5, 27.8)
(-54.5, 27.9)
(-54.5, 28.0)
(-54.5, 28.1)
(-54.5, 28.2)
(-54.5, 28.3)
(-54.5, 28.4)
(-54.5, 28.5)
(-54.5, 28.6)
(-54.5, 28.7)
(-54.5, 28.8)
(-54.5, 28.9)
(-54.5, 29.0)
(-54.5, 29.1)
(-54.5, 29.2)
(-54.5, 29.3)
(-54.5, 29.4)
(-54.5, 29.5)
(-54.5, 29.6)
(-54.5, 29.7)
(-54.5, 29.8)
(-54.5, 29.9)
(-54.5, 30.0)
(-54.5, 30.1)
(-54.5, 30.2)
(-54.5, 30.3)
(-54.5, 30.4)
(-54.5, 30.5)
(-54.5, 30.6)
(-54.5, 30.7)
(-54.5, 30.8)
(-54.5, 30.9)
(-54.5, 31.0)
(-54.5, 31.1)
(-54.5, 31.2)
(-54.5, 31.3)
(-54.5, 31.4)
(-54.5, 31.5)
(-54.5, 31.6)
(-54.5, 31.7)
(-54.5, 31.8)
(-54.5, 31.9)
*(-54.5, 32.0)
(-54.5, 32.1)
(-54.5, 32.2)
(-54.5, 32.3)
(-54.5, 32.4)
(-54.5, 32.5)
(-54.5, 32.6)
(-54.5, 32.7)
(-54.5, 32.8)
(-54.5, 32.9)
(-54.5, 33.0)
(-54.5, 33.1)
(-54.5, 33.2)
(-54.5, 33.3)
(-54.5, 33.4)
(-54.5, 33.5)
(-54.5, 33.6)
(-54.5, 33.7)
(-54.5, 33.8)
(-54.5, 33.9)
(-54.5, 34.0)
(-54.6, 34.1)
(-54.6, 34.1)
(-54.5, 34.0)
(-54.4, 34.0)
(-54.3, 34.0)
(-54.2, 34.0)
(-54.1, 34.0)
(-54.0, 34.0)
(-53.9, 34.0)
(-53.8, 34.0)
(-53.7, 34.0)
(-53.6, 34.0)
(-53.5, 34.0)
(-53.4, 34.0)
(-53.3, 3.0)
(-53.2, 33.9)
(-53.1, 33.9)
*(-53.0, 34.0)
(-52.9, 34.0)
(-52.8, 34.0)
(-52.7, 34.0)
(-52.6, 34.0)
(-52.5, 34.0)
(-52.4, 34.0)
(-52.3, 34.0)
(-52.2, 34.0)
(-52.1, 34.0)
(-52.0, 34.0)
(-51.9, 34.0)
(-51.8, 34.0)
(-51.7, 34.0)
(-51.6, 34.0)
(-51.5, 34.0)
(-51.4, 34.0)
(-51.3, 34.0)
(-51.2, 34.0)
(-51.1, 34.0)
(-51.0, 34.0)
(-50.9, 34.0)
(-50.8, 34.0)
(-50.7, 34.0)
(-50.6, 34.0)
(-50.5, 34.0)
(-50.4, 34.0)
(-50.3, 34.0)
(-50.2, 34.0)
(-50.1, 34.0)
(-50.0, 34.0)
(-49.9, 34.0)
(-49.8, 34.0)
(-49.7, 34.0)
(-49.6, 34.0)
(-49.5, 34.0)
(-49.4, 34.0)
(-49.3, 34.0)
(-49.2, 34.0)
(-49.1, 34.0)
(-49.0, 34.0)
(-48.9, 34.0)
(-48.8, 34.0)
(-48.7, 34.0)
(-48.6, 34.0)
(-48.5, 34.0)
(-48.4, 34.0)
(-48.3, 34.0)
(-48.2, 34.0)
(-48.1, 34.0)
(-48.0, 34.0)
(-47.9, 34.0)
(-47.8, 34.0)
(-47.7, 34.0)
(-47.6, 34.0)
(-47.5, 34.0)
(-47.4, 34.0)
(-47.3, 34.0)
(-47.2, 34.0)
(-47.1, 34.0)
(-47.0, 34.0)
(-46.9, 34.0)
(-46.8, 34.0)
(-46.7, 34.0)
(-46.6, 34.0)
(-46.5, 34.0)
(-46.4, 34.0)
(-46.3, 34.0)
(-46.2, 34.0)
(-46.1, 34.0)
(-46.0, 34.0)
(-45.9, 34.0)
(-45.8, 34.0)
(-45.7, 34.0)
(-45.6, 34.0)
(-45.5, 34.0)
(-45.4, 34.0)
(-45.3, 34.0)
(-45.2, 34.0)
(-45.1, 34.0)
(-45.0, 34.0)
(-44.9, 34.0)
(-44.8, 34.0)
(-44.7, 34.0)
(-44.6, 34.0)
(-44.5, 34.0)
(-44.4, 34.0)
(-44.3, 34.0)
(-44.2, 34.0)
(-44.1, 34.0)
(-44.0, 34.0)
(-43.9, 34.0)
(-43.8, 34.0)
(-43.7, 34.0)
(-43.6, 34.0)
(-43.5, 34.0)
(-43.4, 34.0)
(-43.3, 34.0)
(-43.2, 34.0)
(-43.1, 34.0)
(-43.0, 34.0)
(-42.9, 34.0)
(-42.8, 34.0)
(-42.7, 34.0)
(-42.6, 34.0)
(-42.5, 34.0)
(-42.4, 34.0)
(-42.3, 34.0)
(-42.2, 34.0)
(-42.1, 34.0)
(-42.0, 34.0)
(-41.9, 34.0)
(-41.8, 34.0)
(-41.7, 34.0)
(-41.6, 34.0)
(-41.5, 34.0)
(-41.4, 34.0)
(-41.3, 34.0)
(-41.2, 34.0)
(-41.1, 34.0)
(-41.0, 34.0)
(-40.9, 34.0)
(-40.8, 34.0)
(-40.7, 34.0)
(-40.6, 34.0)
(-40.5, 34.0)
(-40.4, 34.0)
(-40.3, 34.0)
(-40.2, 34.0)
(-40.1, 34.0)
(-40.0, 34.0)
(-39.9, 34.0)
(-39.8, 34.0)
(-39.7, 34.0)
(-39.6, 34.0)
(-39.5, 34.0)
(-39.4, 34.0)
(-39.3, 34.0)
(-39.2, 34.0)
(-39.1, 34.0)
(-39.0, 34.0)
(-38.9, 34.0)
(-38.8, 34.0)
(-38.7, 34.0)
(-38.6, 34.0)
(-38.5, 34.0)
(-38.4, 34.0)
(-38.3, 34.0)
(-38.2, 34.0)
(-38.1, 34.0)
(-38.0, 34.0)
(-37.9, 34.0)
(-37.8, 34.0)
(-37.7, 34.0)
(-37.6, 34.0)
(-37.5, 34.0)
(-37.4, 34.0)
(-37.3, 34.0)
(-37.2, 34.0)
(-37.1, 34.0)
(-37.0, 34.0)
(-36.9, 34.0)
(-36.8, 34.0)
(-36.7, 34.0)
(-36.6, 34.0)
(-36.5, 34.0)
(-36.4, 34.0)
(-36.3, 34.0)
(-36.2, 34.0)
(-36.1, 34.0)
(-36.0, 34.0)
(-35.9, 34.0)
(-35.8, 34.0)
(-35.7, 34.0)
(-35.6, 34.0)
(-35.5, 34.0)
(-35.4, 34.0)
(-35.3, 34.0)
(-35.2, 34.0)
(-35.1, 34.0)
(-35.0, 34.0)
(-34.9, 34.0)
(-34.8, 34.0)
(-34.7, 34.0)
(-34.6, 34.0)
(-34.5, 34.0)
(-34.4, 34.0)
(-34.3, 34.0)
(-34.2, 34.0)
(-34.1, 34.0)
(-34.0, 34.0)
(-33.9, 34.0)
(-33.8, 34.0)
(-33.7, 34.0)
(-33.6, 34.0)
(-33.5, 34.0)
(-33.4, 34.0)
(-33.3, 34.0)
(-33.2, 34.0)
(-33.1, 34.0)
(-33.0, 34.0)
(-32.9, 34.0)
(-32.8, 34.0)
(-32.7, 34.0)
(-32.6, 34.0)
(-32.5, 34.0)
(-32.4, 34.0)
(-32.3, 34.0)
(-32.2, 34.0)
(-32.1, 34.0)
(-32.0, 34.0)
(-31.9, 34.0)
(-31.8, 34.0)
(-31.7, 34.0)
(-31.6, 34.0)
(-31.5, 34.0)
(-31.4, 34.0)
(-31.3, 34.0)
(-31.2, 34.0)
(-31.1, 34.0)
(-31.0, 34.0)
(-30.9, 34.0)
(-30.8, 34.0)
(-30.7, 34.0)
(-30.6, 34.0)
(-30.5, 34.0)
(-30.4, 34.0)
(-30.3, 34.0)
(-30.2, 34.0)
(-30.1, 34.0)
(-30.0, 34.0)
(-29.9, 34.0)
(-29.8, 34.0)
(-29.7, 34.0)
(-29.6, 34.0)
(-29.5, 34.0)
(-29.4, 34.0)
(-29.3, 34.0)
(-29.2, 34.0)
(-29.1, 34.0)
(-29.0, 34.0)
(-28.9, 34.0)
(-28.8, 34.0)
(-28.7, 34.0)
(-28.6, 34.0)
(-28.5, 34.0)
(-28.4, 34.0)
(-28.3, 34.0)
(-28.2, 34.0)
(-28.1, 34.0)
(-28.0, 34.0)
(-27.9, 34.0)
(-27.8, 34.0)
(-27.7, 34.0)
(-27.6, 34.0)
(-27.5, 34.0)
(-27.4, 34.0)
(-27.3, 34.0)
(-27.2, 34.0)
(-27.1, 34.0)
(-27.0, 34.0)
(-26.9, 34.0)
(-26.8, 34.0)
(-26.7, 34.0)
(-26.6, 34.0)
(-26.5, 34.0)
(-26.4, 34.0)
(-26.3, 34.0)
(-26.2, 34.0)
(-26.1, 34.0)
(-26.0, 34.0)
(-25.9, 34.0)
(-25.8, 34.0)
(-25.7, 34.0)
(-25.6, 34.0)
(-25.5, 34.0)
(-25.4, 34.0)
(-25.3, 34.0)
(-25.2, 34.0)
(-25.1, 34.0)
(-25.0, 34.0)
(-24.9, 34.0)
(-24.8, 34.0)
(-24.7, 34.0)
(-24.6, 34.0)
(-24.5, 34.0)
(-24.4, 34.0)
(-24.3, 34.0)
(-24.2, 34.0)
(-24.1, 34.0)
(-24.0, 34.0)
(-23.9, 34.0)
(-23.8, 34.0)
(-23.7, 34.0)
(-23.6, 34.0)
(-23.5, 34.0)
(-23.4, 34.0)
(-23.3, 34.0)
(-23.2, 34.0)
(-23.1, 34.0)
(-23.0, 34.0)
(-22.9, 34.0)
(-22.8, 34.0)
(-22.7, 34.0)
(-22.6, 34.0)
(-22.5, 34.0)
(-22.4, 34.0)
(-22.3, 34.0)
(-22.2, 34.0)
(-22.1, 34.0)
(-22.0, 34.0)
(-21.9, 34.0)
(-21.8, 34.0)
(-21.7, 34.0)
(-21.6, 34.0)
(-21.5, 34.0)
(-21.4, 34.0)
(-21.3, 34.0)
(-21.2, 34.0)
(-21.1, 34.0)
(-21.0, 34.0)
(-20.9, 34.0)
(-20.8, 34.0)
(-20.7, 34.0)
(-20.6, 34.0)
(-20.6, 34.0)
(-20.6, 33.9)
(-20.6, 33.8)
(-20.6, 33.7)
(-20.6, 33.6)
(-20.6, 33.5)
(-20.6, 33.4)
(-20.6, 33.3)
(-20.6, 33.2)
(-20.6, 33.1)
(-20.6, 33.0)
(-20.6, 32.9)
(-20.6, 32.8)
(-20.6, 32.7)
(-20.5, 32.6)
(-20.4, 32.5)
(-20.3, 32.4)
(-20.2, 32.3)
(-20.2, 32.2)
(-20.2, 32.1)
(-20.2, 32.0)
(-20.2, 31.9)
(-20.2, 31.8)
(-20.2, 31.7)
(-20.2, 31.6)
(-20.2, 31.5)
(-20.2, 31.4)
(-20.2, 31.3)
(-20.2, 31.2)
(-20.2, 31.1)
(-20.2, 31.0)
(-20.2, 30.9)
(-20.2, 30.8)
(-20.2, 30.7)
(-20.2, 30.6)
(-20.2, 30.5)
(-20.2, 30.4)
(-20.2, 30.3)
(-20.2, 30.2)
(-20.2, 30.1)
(-20.2, 30.0)
(-20.2, 29.9)
(-20.2, 29.8)
(-20.2, 29.7)
(-20.2, 29.6)
(-20.2, 29.5)
(-20.2, 29.4)
(-20.2, 29.3)
(-20.2, 29.2)
(-20.2, 29.1)
(-20.2, 29.0)
(-20.2, 28.9)
(-20.2, 28.8)
(-20.2, 28.7)
(-20.2, 28.6)
(-20.2, 28.5)
(-20.2, 28.4)
(-20.2, 28.3)
(-20.2, 28.2)
(-20.2, 28.1)
(-20.2, 28.0)
(-20.2, 27.9)
(-20.2, 27.8)
(-20.2, 27.7)
(-20.2, 27.6)
(-20.2, 27.5)
(-20.2, 27.4)
(-20.2, 27.3)
(-20.2, 27.2)
(-20.2, 27.1)
(-20.2, 27.0)
(-20.2, 26.9)
(-20.2, 26.8)
(-20.2, 26.7)
(-20.2, 26.6)
(-20.2, 26.5)
(-20.2, 26.4)
(-20.2, 26.3)
(-20.2, 26.2)
(-20.1, 26.1)
(-20.0, 26.1)
(-19.9, 26.1)
(-19.8, 26.1)
(-19.7, 26.1)
(-19.6, 26.1)
(-19.5, 26.1)
(-19.4, 26.1)
(-19.3, 26.1)
(-19.2, 26.1)
(-19.1, 26.1)
(-19.0, 26.1)
(-18.9, 26.1)
(-18.8, 26.1)
(-18.7, 26.1)
(-18.6, 26.1)
(-18.5, 26.1)
(-18.4, 26.1)
(-18.3, 26.1)
(-18.2, 26.1)
(-18.1, 26.1)
(-18.0, 26.1)
(-17.9, 26.1)
(-17.8, 26.1)
(-17.7, 26.1)
(-17.6, 26.1)
(-17.5, 26.1)
(-17.4, 26.1)
(-17.3, 26.1)
(-17.2, 26.1)
(-17.1, 26.1)
(-17.0, 26.1)
(-16.9, 26.1)
(-16.8, 26.1)
(-16.7, 26.1)
(-16.6, 26.1)
(-16.5, 26.1)
(-16.4, 26.1)
(-16.3, 26.1)
(-16.2, 26.1)
(-16.1, 26.1)
(-16.0, 26.1)
(-15.9, 26.1)
(-15.8, 26.1)
(-15.7, 26.1)
(-15.6, 26.1)
(-15.5, 26.1)
(-15.4, 26.1)
(-15.3, 26.1)
(-15.2, 26.1)
(-15.1, 26.1)
(-15.0, 26.1)
(-14.9, 26.1)
(-14.8, 26.1)
(-14.7, 26.1)
(-14.6, 26.1)
(-14.5, 26.1)
(-14.4, 26.1)
(-14.3, 26.1)
(-14.2, 26.1)
(-14.1, 26.1)
(-14.0, 26.1)
(-13.9, 26.1)
(-13.8, 26.1)
(-13.7, 26.1)
(-13.6, 26.1)
(-13.5, 26.1)
(-13.4, 26.1)
(-13.3, 26.1)
(-13.2, 26.1)
(-13.1, 26.1)
(-13.0, 26.1)
(-12.9, 26.1)
(-12.8, 26.1)
(-12.7, 26.1)
(-12.6, 26.1)
(-12.5, 26.1)
(-12.4, 26.1)
(-12.3, 26.1)
(-12.2, 26.1)
(-12.1, 26.0)
(-12.0, 25.9)
(-11.9, 25.8)
(-11.8, 25.7)
(-11.7, 25.6)
(-11.6, 25.5)
(-11.5, 25.4)
(-11.4, 25.3)
(-11.3, 25.2)
(-11.2, 25.1)
(-11.1, 25.0)
(-11.0, 25.0)
(-10.9, 25.0)
(-10.8, 25.0)
(-10.7, 25.0)
(-10.6, 25.0)
(-10.5, 25.0)
(-10.4, 25.0)
(-10.3, 25.0)
(-10.2, 25.0)
(-10.1, 25.0)
(-10.0, 25.0)
(-9.9, 25.0)
(-9.8, 25.0)
(-9.7, 25.0)
(-9.6, 25.0)
(-9.5, 25.0)
(-9.4, 25.0)
(-9.3, 25.0)
(-9.2, 25.0)
(-9.1, 25.0)
(-9.0, 25.0)
(-8.9, 25.0)
(-8.8, 25.0)
(-8.7, 25.0)
(-8.6, 25.0)
(-8.5, 25.0)
(-8.4, 25.0)
(-8.3, 25.0)
(-8.2, 25.0)
(-8.1, 25.0)
(-8.0, 25.0)
(-7.9, 25.0)
(-7.8, 24.9)
(-7.7, 24.8)
(-7.6, 24.7)
(-7.5, 24.6)
(-7.4, 24.5)
(-7.3, 24.4)
(-7.2, 24.3)
(-7.1, 24.2)
(-7.0, 24.1)
(-6.9, 24.1)
(-6.8, 24.1)
(-6.7, 24.1)
(-6.6, 24.1)
(-6.5, 24.1)
(-6.4, 24.1)
(-6.3, 24.1)
(-6.2, 24.1)
(-6.1, 24.1)
(-6.0, 24.1)
(-5.9, 24.1)
(-5.8, 24.1)
(-5.7, 24.1)
(-5.6, 24.1)
(-5.5, 24.1)
(-5.4, 24.1)
(-5.4, 24.1)
(-5.5, 24.0)
(-5.6, 23.9)
(-5.6, 23.8)
(-5.7, 23.7)
(-5.7, 23.6)
(-5.8, 23.5)
(-5.9, 23.4)
(-5.9, 23.3)
(-6.0, 23.2)
(-6.0, 23.1)
(-6.1, 23.0)
(-6.2, 22.9)
(-6.2, 22.8)
(-6.3, 22.7)
(-6.3, 22.6)
(-6.4, 22.5)
(-6.5, 22.4)
(-6.5, 22.3)
(-6.6, 22.2)
(-6.6, 22.1)
(-6.7, 22.0)
(-6.8, 21.9)
(-6.8, 21.8)
(-6.9, 21.7)
(-6.9, 21.6)
(-7.0, 21.5)
(-7.0, 21.4)
(-7.0, 21.3)
(-7.0, 21.2)
(-7.0, 21.1)
(-7.1, 21.0)
(-7.2, 20.9)
(-7.3, 20.8)
(-7.4, 20.7)
(-7.4, 20.6)
(-7.5, 20.5)
(-7.6, 20.4)
(-7.6, 20.3)
(-7.7, 20.2)
(-7.7, 20.1)
(-7.8, 20.0)
(-7.9, 19.9)
(-7.9, 19.8)
(-8.0, 19.7)
(-8.0, 19.6)
(-8.1, 19.5)
(-8.2, 19.4)
(-8.2, 19.3)
(-8.3, 19.2)
(-8.3, 19.1)
(-8.4, 19.0)
(-8.5, 18.9)
(-8.5, 18.8)
(-8.6, 18.7)
(-8.6, 18.6)
(-8.7, 18.5)
(-8.8, 18.4)
(-8.8, 18.3)
(-8.9, 18.2)
(-8.9, 18.1)
(-9.0, 18.0)
(-9.1, 17.9)
(-9.1, 17.8)
(-9.2, 17.7)
(-9.2, 17.6)
(-9.3, 17.5)
(-9.4, 17.4)
(-9.5, 17.3)
(-9.6, 17.2)
(-9.7, 17.1)
(-9.8, 17.0)
(-9.9, 16.9)
(-10.0, 16.8)
(-10.1, 16.7)
(-10.2, 16.6)
(-10.3, 16.5)
(-10.4, 16.4)
(-10.5, 16.3)
(-10.6, 16.2)
(-10.7, 16.1)
(-10.8, 16.0)
(-10.9, 15.9)
(-11.0, 15.8)
(-11.1, 15.7)
(-11.2, 15.6)
(-11.2, 15.5)
(-11.2, 15.4)
(-11.2, 15.3)
(-11.3, 15.2)
(-11.4, 15.1)
(-11.5, 15.0)
(-11.6, 14.9)
(-11.7, 14.8)
(-11.8, 14.7)
(-11.9, 14.6)
(-12.0, 14.5)
(-12.1, 14.4)
(-12.2, 14.3)
(-12.3, 14.2)
(-12.4, 14.1)
(-12.5, 14.0)
(-12.6, 13.9)
(-12.7, 13.8)
(-12.8, 13.7)
(-12.9, 13.6)
(-13.0, 13.5)
(-13.1, 13.4)
(-13.2, 13.3)
(-13.3, 13.2)
(-13.4, 13.1)
(-13.5, 13.0)
(-13.6, 12.9)
(-13.7, 12.8)
(-13.8, 12.7)
(-13.9, 12.6)
(-14.0, 12.5)
(-14.1, 12.4)
(-14.2, 12.3)
(-14.3, 12.2)
(-14.4, 12.1)
(-14.5, 12.0)
(-14.5, 11.9)
(-14.6, 11.8)
(-14.7, 11.7)
(-14.8, 11.6)
(-14.9, 11.5)
(-15.0, 11.4)
(-15.1, 11.3)
(-15.2, 11.2)
(-15.3, 11.1)
(-15.4, 11.0)
(-15.5, 10.9)
(-15.6, 10.8)
(-15.7, 10.7)
(-15.8, 10.6)
(-15.9, 10.5)
(-16.0, 10.4)
(-16.1, 10.3)
(-16.2, 10.2)
(-16.2, 10.1)
(-16.2, 10.0)
(-16.2, 9.9)
(-16.2, 9.8)
(-16.2, 9.7)
(-16.2, 9.6)
(-16.2, 9.6)
(-16.3, 9.6)
(-16.4, 9.5)
(-16.5, 9.4)
(-16.6, 9.3)
(-16.7, 9.2)
(-16.8, 9.1)
(-16.9, 9.0)
(-17.0, 8.9)
(-17.1, 8.8)
(-17.2, 8.7)
(-17.3, 8.6)
(-17.4, 8.5)
(-17.5, 8.4)
(-17.6, 8.3)
(-17.7, 8.2)
(-17.8, 8.1)
(-17.9, 8.0)
(-18.0, 7.9)
(-18.1, 7.8)
(-18.1, 7.7)
(-18.2, 7.6)
(-18.3, 7.5)
(-18.3, 7.4)
(-18.4, 7.3)
(-18.5, 7.2)
(-18.6, 7.1)
(-18.6, 7.0)
(-18.6, 6.9)
(-18.7, 6.8)
(-18.7, 6.7)
(-18.8, 6.6)
(-18.9, 6.5)
(-19.0, 6.4)
(-19.1, 6.3)
(-19.2, 6.2)
(-19.3, 6.1)
(-19.4, 6.0)
(-19.5, 5.9)
(-19.6, 5.8)
(-19.7, 5.7)
(-19.8, 5.6)
(-19.9, 5.5)
(-20.0, 5.4)
(-20.1, 5.3)
(-20.2, 5.2)
(-20.3, 5.1)
(-20.4, 5.0)
(-20.5, 4.9)
(-20.6, 4.8)
(-20.7, 4.7)
(-20.8, 4.6)
(-20.9, 4.5)
(-21.0, 4.4)
(-21.1, 4.3)
(-21.2, 4.2)
(-21.2, 4.1)
(-21.2, 4.0)
(-21.3, 3.9)
(-21.3, 3.8)
(-21.3, 3.7)
(-21.4, 3.6)
(-21.4, 3.5)
(-21.4, 3.4)
(-21.5, 3.3)
(-21.5, 3.2)
(-21.6, 3.1)
(-21.6, 3.0)
(-21.6, 2.9)
(-21.7, 2.8)
(-21.7, 2.7)
(-21.8, 2.6)
(-21.8, 2.5)
(-21.8, 2.4)
(-21.9, 2.3)
(-21.9, 2.2)
(-22.0, 2.1)
(-22.0, 2.0)
(-22.0, 1.9)
(-22.1, 1.8)
(-22.1, 1.7)
(-22.1, 1.6)
(-22.2, 1.5)
(-22.2, 1.4)
(-22.3, 1.3)
(-22.3, 1.2)
(-22.3, 1.1)
(-22.4, 1.0)
(-22.4, 0.9)
(-22.5, 0.8)
(-22.5, 0.7)
(-22.6, 0.7)
(-22.7, 0.7)
(-22.8, 0.7)
(-22.9, 0.7)
(-23.0, 0.7)
(-23.1, 0.7)
(-23.2, 0.7)
(-23.3, 0.7)
(-23.4, 0.7)
(-23.5, 0.7)
(-23.6, 0.7)
(-23.7, 0.7)
(-23.8, 0.7)
(-23.9, 0.7)
(-24.0, 0.7)
(-24.1, 0.7)
(-24.2, 0.7)
(-24.3, 0.7)
(-24.4, 0.7)
(-24.5, 0.7)
(-24.6, 0.7)
(-24.7, 0.7)
(-24.8, 0.7)
(-24.9, 0.7)
(-25.0, 0.7)
(-25.1, 0.7)
(-25.2, 0.7)
(-25.3, 0.7)
(-25.4, 0.7)
(-25.5, 0.7)
(-25.6, 0.7)
(-25.7, 0.7)
(-25.8, 0.7)
(-25.9, 0.7)
(-26.0, 0.7)
(-26.1, 0.7)
(-26.2, 0.7)
(-26.3, 0.7)
(-26.4, 0.7)
(-26.5, 0.7)
(-26.6, 0.7)
(-26.7, 0.7)
(-26.8, 0.7)
(-26.9, 0.7)
(-27.0, 0.7)
(-27.1, 0.7)
(-27.2, 0.7)
(-27.3, 0.7)
(-27.4, 0.7)
(-27.5, 0.7)
(-27.6, 0.7)
(-27.7, 0.7)
(-27.8, 0.7)
(-27.9, 0.7)
(-28.0, 0.7)
(-28.1, 0.7)
(-28.2, 0.7)
(-28.3, 0.6)
(-28.4, 0.6)
(-28.5, 0.5)
(-28.6, 0.4)
(-28.7, 0.4)
(-28.8, 0.3)
(-28.9, 0.3)
(-29.0, 0.2)
(-29.1, 0.1)
(-29.2, 0.1)
(-29.3, 0.0)
(-29.4, 0.0)
